% Copyright (C) 2022, Mauricio C. Vanzulli, Jorge M. Perez Zerpa.
%
% Development and implementation of a consistent co-rotational 
% formulation for aerodynamic nonlinear analysis of frame structures.
%
%-----------------------------------------------------
% S809 airfoil profile
%-----------------------------------------------------
% S809 Airfo fill extrated from https://wind.nrel.gov/airfoils/shapes/s809_shape.html 
%-----------------------------------------------------
function [x y] = S809coords()
  x = [ 1.000000 ;...	
        0.996203 ;...	
        0.985190 ;...	
        0.967844 ;...	
        0.945073 ;...	
        0.917488 ;...	
        0.885293 ;...	
        0.848455 ;...	
        0.807470 ;...	
        0.763042 ;...	
        0.715952 ;...	
        0.667064 ;...	
        0.617331 ;...	
        0.567830 ;...	
        0.519832 ;...	
        0.474243 ;...	
        0.428461 ;...	
        0.382612 ;...	
        0.337260 ;...	
        0.292970 ;...	
        0.250247 ;...	
        0.209576 ;...	
        0.171409 ;...	
        0.136174 ;...	
        0.104263 ;...	
        0.076035 ;...	
        0.051823 ;...	
        0.031910 ;...	
        0.016590 ;...	
        0.006026 ;...	
        0.000658 ;...	
        0.000204 ;...	
        0.000000 ;...	
        0.000213 ;...	
        0.001045 ;...	
        0.001208 ;...	
        0.002398 ;...	
        0.009313 ;...	
        0.023230 ;...	
        0.042320 ;...	
        0.065877 ;...	
        0.093426 ;...	
        0.124111 ;...	
        0.157653 ;...	
        0.193738 ;...	
        0.231914 ;...	
        0.271438 ;...	
        0.311968 ;...	
        0.353370 ;...	
        0.395329 ;...	
        0.438273 ;...	
        0.481920 ;...	
        0.527928 ;...	
        0.576211 ;...	
        0.626092 ;...	
        0.676744 ;...	
        0.727211 ;...	
        0.776432 ;...	
        0.823285 ;...	
        0.866630 ;...	
        0.905365 ;...	
        0.938474 ;...	
        0.965086 ;...	
        0.984478 ;...	
        0.996141 ;...	
        1.000000 ] ;	

y  = [ 0.000000 ;...
       0.000487 ;...
       0.002373 ;...
       0.005960 ;...
       0.011024 ;...
       0.017033 ;...
       0.023458 ;...
       0.030280 ;...
       0.037766 ;...
       0.045974 ;...
       0.054872 ;...
       0.064353 ;...
       0.074214 ;...
       0.084095 ;...
       0.093268 ;...
       0.099392 ;...
       0.101760 ;...
       0.101840 ;...
       0.100070 ;...
       0.096703 ;...
       0.091908 ;...
       0.085851 ;...
       0.078687 ;...
       0.070580 ;...
       0.061697 ;...
       0.052224 ;...
       0.042352 ;...
       0.032299 ;...
       0.022290 ;...
       0.012615 ;...
       0.003723 ;...
       0.001942 ;...
       -0.00002 ;...
       -0.00179 ;...
       -0.00347 ;...
       -0.00372 ;...
       -0.00526 ;...
       -0.01149 ;...
       -0.02039 ;...
       -0.03026 ;...
       -0.04082 ;...
       -0.05192 ;...
       -0.06308 ;...
       -0.07373 ;...
       -0.08356 ;...
       -0.09244 ;...
       -0.09990 ;...
       -0.10528 ;...
       -0.10818 ;...
       -0.10801 ;...
       -0.10455 ;...
       -0.09734 ;...
       -0.08657 ;...
       -0.07397 ;...
       -0.06064 ;...
       -0.04744 ;...
       -0.03510 ;...
       -0.02420 ;...
       -0.01516 ;...
       -0.00820 ;...
       -0.00336 ;...
       -0.00048 ;...
       0.000743 ;...
       0.000775 ;...
       0.000290 ;...
       0.000000 ] ;
end